
*--*--*--*--*--RESULTS APM PADRÃO (OK!)*--*--*--*--*--
STRING OK! Best: 0.012666 Median: 0.013168 Average: 0.013953 Worst: 0.017770 Desvio Padrão: 9.218190e-03 Feasibility: 30/30  nRun: #36000
[0.013801, 0.013786, 0.012719, 0.012817, 0.017606, 0.012670, 0.012868, 0.015696, 0.012911, 0.014957, 0.013379, 0.013439, 0.012719, 0.016994, 0.012666, 0.013219, 0.016136, 0.017400, 0.012669, 0.013667, 0.012671, 0.012719, 0.017770, 0.012694, 0.013116, 0.015948, 0.012719, 0.012719, 0.012711, 0.013418],

REDUCER OK! Best: 2996.358777 Median: 2996.390597 Average: 3001.042176 Worst: 3016.788345 Desvio Padrão: 3.150687e+01 Feasibility: 29/30  nRun: #36000
[3016.788345, 3007.447120, 2996.371455, 2996.362033, 2996.375799, 999999999.000000, 2996.370610, 2996.379017, 3005.702715, 3007.454022, 2996.380511, 2996.377185, 2996.390763, 2996.388364, 2996.383824, 3007.458100, 3005.705245, 2996.367508, 3007.463400, 3005.714464, 2996.374281, 3007.455247, 2996.373662, 2996.391919, 3007.462217, 3007.448832, 2996.390597, 2996.358777, 2996.388353, 3005.698750],

WELDED OK! Best: 2.381174 Median: 2.645335 Average: 2.867005 Worst: 3.765344 Desvio Padrão: 2.810861e+00 Feasibility: 30/30  nRun: #32000
[2.406652, 3.575740, 2.390618, 2.381232, 3.503431, 3.076617, 3.765344, 3.040621, 3.585511, 3.595378, 2.381345, 2.383933, 3.448961, 3.587004, 2.381203, 3.671129, 2.512969, 3.076767, 2.381174, 2.412249, 2.381323, 2.381246, 2.381337, 2.898239, 2.381259, 3.293009, 2.381274, 3.094551, 2.482323, 2.777700],

PRESSURE OK! Best: 6059.714352 Median: 6370.779805 Average: 6508.368375 Worst: 7544.492518 Desvio Padrão: 2.734590e+03 Feasibility: 30/30  nRun: #80000
[6820.410168, 6090.526364, 6771.596888, 7544.492518, 6059.714400, 6059.714404, 6820.410211, 6059.714387, 6424.066392, 7332.841553, 6370.779788, 6370.779814, 6059.714414, 6820.410161, 7544.492518, 6059.714422, 7332.841580, 6370.779771, 6370.779843, 6090.526297, 6059.714352, 6370.779813, 6410.086809, 6090.526428, 6370.779797, 6090.526551, 6059.714422, 6059.714452, 6820.410212, 7544.492518],

CANTILEVER OK! Best: 64628.290777 Median: 68643.494034 Average: 69870.429765 Worst: 85450.081109 Desvio Padrão: 2.170355e+04 Feasibility: 30/30  nRun: #35000
[71093.775567, 72293.522918, 78843.508438, 68643.473163, 65443.511905, 70743.548503, 67943.482938, 68201.421973, 69243.481005, 73843.580427, 71043.503490, 65443.562116, 68643.484106, 68293.905516, 68643.503962, 67943.604623, 85450.081109, 69493.526886, 70743.452471, 69993.538904, 68598.360650, 64628.290777, 67943.500633, 65443.491190, 69993.509292, 68293.483294, 69996.354341, 72293.461086, 68293.500365, 68643.471300],



*--*--*--*--*--RESULTS APM MED 3 (OK!)*--*--*--*--*--
STRING OK! Best: 0.012666 Median: 0.012895 Average: 0.013597 Worst: 0.017406 Desvio Padrão: 7.200257e-03 Feasibility: 30/30  nRun: #36000
[0.012719, 0.014517, 0.012719, 0.012719, 0.017406, 0.012704, 0.013267, 0.012701, 0.012841, 0.015391, 0.013555, 0.014192, 0.016506, 0.013671, 0.012677, 0.012847, 0.016661, 0.012702, 0.012679, 0.012943, 0.012719, 0.012705, 0.013331, 0.013502, 0.012703, 0.015268, 0.012714, 0.012666, 0.013280, 0.013615],

REDUCER OK! Best: 2996.356314 Median: 2996.381070 Average: 3000.659737 Worst: 3016.777031 Desvio Padrão: 3.429298e+01 Feasibility: 29/30  nRun: #36000
[3005.707178, 3007.458896, 2996.385379, 2996.372989, 2996.381070, 999999999.000000, 2996.376415, 2996.371152, 2996.378956, 2996.375446, 3007.454465, 2996.360906, 2996.366961, 2996.387044, 2996.408534, 2996.376506, 3005.701992, 2996.398116, 3016.775330, 3005.716417, 2996.361055, 3007.457123, 2996.376496, 3007.481575, 3007.460028, 2996.367674, 2996.362598, 2996.356314, 2996.378728, 3016.777031],

WELDED OK! Best: 2.381162 Median: 2.521305 Average: 2.763862 Worst: 4.127299 Desvio Padrão: 2.663334e+00 Feasibility: 30/30  nRun: #32000Best: 2.381162 Median: 2.521305 Average: 2.763862 Worst: 4.127299 Desvio Padrão: 2.663334e+00 Feasibility: 30/30  nRun: #32000
[2.567967, 3.623356, 2.390618, 2.411939, 2.512645, 2.821102, 3.549347, 4.127299, 3.590989, 2.673580, 2.381238, 2.383933, 2.529964, 3.587004, 2.381162, 3.019611, 2.482301, 2.664934, 2.381230, 2.425029, 2.381267, 2.381446, 2.381337, 2.831506, 2.381259, 3.241451, 2.381274, 3.183043, 2.459556, 2.788458],

PRESSURE OK! Best: 6059.714360 Median: 6370.779797 Average: 6504.021887 Worst: 7544.492518 Desvio Padrão: 2.701649e+03 Feasibility: 30/30  nRun: #80000
[6820.410168, 6090.526364, 6771.596964, 7332.841559, 6059.714360, 6059.714372, 6820.410185, 6059.714387, 6424.066392, 7332.841553, 6370.779797, 6370.779814, 6059.714374, 6820.410161, 7544.492518, 6059.714388, 7332.841604, 6370.779804, 6090.526322, 6090.526297, 6059.714439, 6370.779776, 6771.596982, 6090.526428, 6370.779797, 6090.526272, 6059.714396, 6059.714452, 6820.410170, 7544.492518],

CANTILEVER OK! Best: 64578.225361 Median: 68943.497363 Average: 68873.965835 Worst: 76243.501901 Desvio Padrão: 1.703295e+04 Feasibility: 30/30  nRun: #35000
[65443.487527, 72746.361708, 69493.487857, 68643.509184, 76243.501901, 69493.513235, 69493.542202, 64965.096708, 69243.481005, 75143.537536, 71043.498192, 65444.624805, 64578.225361, 65443.468828, 71043.472764, 66393.527588, 65443.455991, 68643.469905, 73843.461556, 69993.482480, 69993.483969, 68597.191907, 69993.509615, 68643.513721, 65443.489083, 64623.923998, 70113.150205, 72293.461985, 68293.515745, 65443.528484],



*--*--*--*--*--Results APM Padrão (OK!)*--*--*--*--*--
T10C Best: 5060.947307 Median: 5069.038276 Average: 5069.816972 Worst: 5087.805227 Desvio Padrão: 4.629297e+01 Feasibility: 30/30  nRun: #280000
[5061.511041, 5061.538650, 5062.504955, 5077.356029, 5078.905268, 5077.018098, 5061.146115, 5077.493202, 5061.195271, 5061.231886, 5061.715322, 5061.451856, 5079.313613, 5060.947307, 5061.398212, 5079.171137, 5077.158168, 5076.884838, 5076.722037, 5078.351565, 5064.552685, 5074.377489, 5060.965706, 5073.523867, 5078.085830, 5087.805227, 5061.650347, 5061.469250, 5061.711690, 5077.352487],

T10D Best: 5509.717373 Median: 5521.244867 Average: 5594.236423 Worst: 6347.034801 Desvio Padrão: 8.671090e+02 Feasibility: 30/30  nRun: #180000
[5638.399971, 5718.186723, 5509.717373, 5509.717373, 6347.034801, 5509.717373, 5509.717373, 5509.717373, 5509.717373, 5676.754178, 5638.399971, 5509.717373, 5638.399971, 5509.717373, 5514.402828, 5631.525607, 5528.086905, 5638.399971, 5676.754178, 5509.717373, 5528.086905, 5514.402828, 5528.086905, 5514.402828, 5676.754178, 5509.717373, 5509.717373, 5562.518230, 5739.887243, 5509.717373],

T25D Best: 484.854179 Median: 485.048797 Average: 486.289066 Worst: 510.336915 Desvio Padrão: 2.526693e+01 Feasibility: 30/30  nRun: #20000
[485.905250, 484.854179, 485.048797, 484.854179, 484.854179, 485.048797, 485.048797, 484.854179, 485.768951, 486.217880, 485.048797, 485.048797, 490.192345, 485.048797, 485.048797, 484.854179, 488.650938, 484.854179, 510.336915, 484.854179, 485.048797, 484.854179, 484.854179, 485.905250, 484.854179, 485.905250, 486.099868, 484.854179, 484.854179, 485.048797],

T60C Best: 311.717441 Median: 319.938600 Average: 327.910086 Worst: 380.653120 Desvio Padrão: 9.568748e+01 Feasibility: 30/30  nRun: #12000
[333.780272, 317.159422, 319.153539, 314.155900, 334.765591, 336.493622, 380.653120, 328.758153, 320.723661, 349.548837, 313.435021, 345.515483, 315.975486, 353.227225, 333.958327, 314.781617, 314.302051, 313.786156, 322.064294, 311.717441, 314.394537, 325.425763, 313.086119, 332.075586, 347.818036, 315.626156, 318.117280, 315.078139, 368.746395, 312.979341],

T72C Best: 379.652909 Median: 379.731173 Average: 379.745805 Worst: 380.204020 Desvio Padrão: 5.449887e-01 Feasibility: 30/30  nRun: #35000
[379.728931, 379.705903, 379.776847, 379.734723, 379.733414, 379.755768, 379.761440, 379.690778, 379.665661, 379.739904, 379.678288, 379.712825, 379.800782, 379.780126, 379.688733, 379.652909, 379.794904, 380.204020, 379.743921, 379.690851, 379.755814, 379.816027, 379.665037, 379.711024, 379.667606, 379.698767, 379.668775, 379.710024, 379.881695, 379.758661],
