T10C	 5061.086053 	 5061.330414 	 5061.330414 	 5061.574775 	 3.455784e-01 	30.829541 	0.100000 	23.318850 	15.210383 	0.100000 	0.543257 	7.440676 	20.875644 	21.423177 	0.100000 	2/2 	280000

T10C	 5062.691084 	 5070.077739 	 5070.077739 	 5077.464394 	 1.044631e+01 	31.058247 	0.100000 	23.611777 	15.167346 	0.100000 	0.557558 	7.360291 	20.370124 	21.692076 	0.100000 	2/2 	280000

0/2 	280000

STRING	 0.012719 	 0.012942 	 0.012942 	 0.013166 	 3.157663e-04 	6.054921 	0.501347 	0.057098 	2/2 	280000

T10C	 5077.217525 	 5077.340290 	 5077.340290 	 5077.463054 	 1.736152e-01 	31.247448 	0.100000 	24.072349 	14.663514 	0.100000 	0.100000 	8.486407 	20.864881 	20.576877 	0.100000 	2/2 	280000

0/2 	280000

0/2 	12000

T10C	 5061.423684 	 5061.441377 	 5061.441377 	 5061.459071 	 2.502286e-02 	30.574897 	0.100000 	23.235165 	15.133637 	0.100000 	0.527824 	7.500706 	21.363857 	21.185981 	0.100000 	2/2 	280000

T10C	 5061.423684 	 5061.441377 	 5061.441377 	 5061.459071 	 2.502286e-02 	30.574897 	0.100000 	23.235165 	15.133637 	0.100000 	0.527824 	7.500706 	21.363857 	21.185981 	0.100000 	2/2 	280000

T10C	 5061.079455 	 5062.315568 	 5068.180303 	 5080.137582 	 2.549215e+01 	30.974523 	0.100000 	23.021495 	15.294765 	0.100000 	0.549877 	7.470497 	20.888333 	21.426960 	0.100000 	10/10 	280000

T10C	 5061.423684 	 5061.441377 	 5061.441377 	 5061.459071 	 2.502286e-02 	30.574897 	0.100000 	23.235165 	15.133637 	0.100000 	0.527824 	7.500706 	21.363857 	21.185981 	0.100000 	2/2 	280000

T10C	 5061.423684 	 5061.441377 	 5061.441377 	 5061.459071 	 2.502286e-02 	30.574897 	0.100000 	23.235165 	15.133637 	0.100000 	0.527824 	7.500706 	21.363857 	21.185981 	0.100000 	2/2 	280000

T10C	 5061.423684 	 5061.441377 	 5061.441377 	 5061.459071 	 2.502286e-02 	30.574897 	0.100000 	23.235165 	15.133637 	0.100000 	0.527824 	7.500706 	21.363857 	21.185981 	0.100000 	2/2 	280000

T10C	 5061.423684 	 5061.441377 	 5061.441377 	 5061.459071 	 2.502286e-02 	30.574897 	0.100000 	23.235165 	15.133637 	0.100000 	0.527824 	7.500706 	21.363857 	21.185981 	0.100000 	2/2 	280000

T10C	 5061.423684 	 5061.441377 	 5061.441377 	 5061.459071 	 2.502286e-02 	30.574897 	0.100000 	23.235165 	15.133637 	0.100000 	0.527824 	7.500706 	21.363857 	21.185981 	0.100000 	2/2 	280000

T10C	 5061.423684 	 5061.441377 	 5061.441377 	 5061.459071 	 2.502286e-02 	30.574897 	0.100000 	23.235165 	15.133637 	0.100000 	0.527824 	7.500706 	21.363857 	21.185981 	0.100000 	2/2 	280000

T10C	 5061.423684 	 5061.441377 	 5061.441377 	 5061.459071 	 2.502286e-02 	30.574897 	0.100000 	23.235165 	15.133637 	0.100000 	0.527824 	7.500706 	21.363857 	21.185981 	0.100000 	2/2 	280000

T10C	 44.613550 	 207.311240 	 207.311240 	 370.008930 	 2.300893e+02 	0.100000 	0.100000 	0.100000 	0.141467 	0.100288 	0.104415 	0.101953 	0.107944 	0.109486 	0.100000 	2/2 	280000

T10C	 5061.423684 	 5061.441377 	 5061.441377 	 5061.459071 	 2.502286e-02 	30.574897 	0.100000 	23.235165 	15.133637 	0.100000 	0.527824 	7.500706 	21.363857 	21.185981 	0.100000 	2/2 	280000

T10C	 5061.511041 	 5061.524845 	 5061.524845 	 5061.538650 	 1.952265e-02 	30.190753 	0.100000 	23.525701 	15.514388 	0.100000 	0.563981 	7.387006 	20.799116 	21.638073 	0.100000 	2/2 	280000

T10C	 5061.423684 	 5061.441377 	 5061.441377 	 5061.459071 	 2.502286e-02 	30.574897 	0.100000 	23.235165 	15.133637 	0.100000 	0.527824 	7.500706 	21.363857 	21.185981 	0.100000 	2/2 	280000

T10C	 5061.511041 	 5061.524845 	 5061.524845 	 5061.538650 	 1.952265e-02 	30.190753 	0.100000 	23.525701 	15.514388 	0.100000 	0.563981 	7.387006 	20.799116 	21.638073 	0.100000 	2/2 	280000

T10C	 9332.650796 	 9506.352891 	 9506.352891 	 9680.054986 	 2.456519e+02 	33.500000 	33.500000 	11.736533 	28.974548 	22.578908 	16.757780 	20.701259 	18.929183 	31.099402 	15.425917 	2/2 	280000

T10C	 6369.905216 	 6540.745861 	 6540.745861 	 6711.586506 	 2.416052e+02 	27.536298 	33.500000 	2.946979 	28.848080 	21.802799 	12.313613 	10.287501 	20.214974 	29.387656 	14.364093 	2/2 	280000

T10C	 5061.511041 	 5061.524845 	 5061.524845 	 5061.538650 	 1.952265e-02 	30.190753 	0.100000 	23.525701 	15.514388 	0.100000 	0.563981 	7.387006 	20.799116 	21.638073 	0.100000 	2/2 	280000

T10C	 5061.511041 	 5061.524845 	 5061.524845 	 5061.538650 	 1.952265e-02 	30.190753 	0.100000 	23.525701 	15.514388 	0.100000 	0.563981 	7.387006 	20.799116 	21.638073 	0.100000 	2/2 	280000

T10C	 5061.511041 	 5061.524845 	 5061.524845 	 5061.538650 	 1.952265e-02 	30.190753 	0.100000 	23.525701 	15.514388 	0.100000 	0.563981 	7.387006 	20.799116 	21.638073 	0.100000 	2/2 	280000

T10C	 5060.947307 	 5069.038276 	 5069.816972 	 5087.805227 	 4.629297e+01 	30.361540 	0.100000 	23.569442 	14.984778 	0.100000 	0.100000 	8.632677 	21.145613 	20.907379 	0.100019 	30/30 	280000

T10C	 5061.066565 	 5068.841633 	 5070.465019 	 5088.711372 	 5.019566e+01 	31.161643 	0.100000 	23.916640 	15.442034 	0.100000 	0.547021 	7.331633 	20.280831 	21.357035 	0.100000 	30/30 	180000

T10D	 5509.717373 	 5521.244867 	 5623.615937 	 7057.490879 	 1.517536e+03 	30.999763 	0.000751 	28.306165 	24.648770 	0.000100 	0.492710 	20.069368 	28.070526 	27.512288 	0.000000 	30/30 	180000

T25D	 429.670388 	 429.670388 	 430.654744 	 456.230022 	 2.617580e+01 	0.000000 	0.210233 	0.210233 	0.210233 	0.210233 	20.023810 	20.023810 	20.023810 	20.023810 	12.245076 	12.245076 	28.921307 	28.921307 	29.000000 	29.000000 	29.000000 	29.000000 	28.106015 	28.106015 	28.106015 	28.106015 	29.000000 	29.000000 	29.000000 	29.000000 	30/30 	20000

T25D	 429.670388 	 429.670388 	 430.654744 	 456.230022 	 2.617580e+01 	0.000000 	0.210233 	0.210233 	0.210233 	0.210233 	20.023810 	20.023810 	20.023810 	20.023810 	12.245076 	12.245076 	28.921307 	28.921307 	29.000000 	29.000000 	29.000000 	29.000000 	28.106015 	28.106015 	28.106015 	28.106015 	29.000000 	29.000000 	29.000000 	29.000000 	30/30 	20000

T25D	 376.951904 	 377.177427 	 379.516554 	 392.237057 	 2.219409e+01 	0.104900 	1.593222 	1.593222 	1.593222 	1.593222 	29.000000 	29.000000 	29.000000 	29.000000 	0.000816 	0.000816 	6.611338 	6.611338 	7.687568 	7.687568 	7.687568 	7.687568 	9.166654 	9.166654 	9.166654 	9.166654 	28.905599 	28.905599 	28.905599 	28.905599 	2.340718 	0.956847 	11.381480 	1.091649 	4.077729 	20.055524 	16.938549 	3.898962 	24.955500 	28.835600 	1.384001 	19.710797 	28.162081 	25.076152 	22.251807 	1.045692 	18.318956 	28.038228 	0.000000 	29.000000 	12.136124 	0.000000 	24.560321 	0.000000 	29.000000 	27.674176 	3.422354 	22.003015 	3.064693 	23.057636 	12.413508 	0.000000 	0.000000 	27.847136 	28.999441 	30/30 	12000

T25D	 376.951904 	 377.177427 	 379.516554 	 392.237057 	 2.219409e+01 	0.104900 	1.593222 	1.593222 	1.593222 	1.593222 	29.000000 	29.000000 	29.000000 	29.000000 	0.000816 	0.000816 	6.611338 	6.611338 	7.687568 	7.687568 	7.687568 	7.687568 	9.166654 	9.166654 	9.166654 	9.166654 	28.905599 	28.905599 	28.905599 	28.905599 	2.340718 	0.956847 	11.381480 	1.091649 	4.077729 	20.055524 	16.938549 	3.898962 	24.955500 	28.835600 	1.384001 	19.710797 	28.162081 	25.076152 	22.251807 	1.045692 	18.318956 	28.038228 	0.000000 	29.000000 	12.136124 	0.000000 	24.560321 	0.000000 	29.000000 	27.674176 	3.422354 	22.003015 	3.064693 	23.057636 	12.413508 	0.000000 	0.000000 	27.847136 	28.999441 	30/30 	12000

T72C	 96.928682 	 96.937791 	 96.962633 	 97.119871 	 3.382260e-01 	0.116405 	0.116405 	0.116405 	0.116405 	0.119484 	0.119484 	0.119484 	0.119484 	0.119484 	0.119484 	0.119484 	0.119484 	0.100000 	0.100000 	0.100000 	0.100000 	5.000000 	5.000000 	5.000000 	5.000000 	5.000000 	5.000000 	5.000000 	5.000000 	5.000000 	5.000000 	5.000000 	5.000000 	5.000000 	5.000000 	3.659133 	3.659133 	3.659133 	3.659133 	4.966797 	4.966797 	5.000000 	5.000000 	5.000000 	5.000000 	5.000000 	5.000000 	5.000000 	5.000000 	5.000000 	5.000000 	5.000000 	5.000000 	0.126495 	0.126495 	0.126495 	0.126495 	3.467551 	3.467551 	5.000000 	5.000000 	5.000000 	5.000000 	5.000000 	5.000000 	5.000000 	5.000000 	5.000000 	5.000000 	5.000000 	5.000000 	0.104297 	0.104297 	0.104297 	0.104297 	0.101161 	0.101161 	30/30 	35000

T10C	 5060.947307 	 5069.038276 	 5069.816972 	 5087.805227 	 4.629297e+01 	30.361540 	0.100000 	23.569442 	14.984778 	0.100000 	0.100000 	8.632677 	21.145613 	20.907379 	0.100019 	30/30 	280000

T10D	 5509.717373 	 5521.244867 	 5594.236423 	 6347.034801 	 8.671090e+02 	30.975853 	0.002334 	28.267115 	25.456033 	0.000091 	0.421273 	19.531263 	28.082870 	28.263382 	0.000078 	30/30 	180000

T25C	 718.416075 	 718.416901 	 718.419332 	 718.432566 	 2.547623e-02 	0.100018 	2.149266 	2.149266 	2.149266 	2.149266 	2.265146 	2.265146 	2.265146 	2.265146 	0.133229 	0.133229 	3.359960 	3.359960 	0.100926 	0.100926 	0.100926 	0.100926 	2.396657 	2.396657 	2.396657 	2.396657 	0.143590 	0.143590 	0.143590 	0.143590 	30/30 	20000

T25D	 719.173323 	 719.173323 	 719.173323 	 719.173323 	 6.226885e-13 	0.413161 	20.366723 	20.366723 	20.366723 	20.366723 	21.727282 	21.727282 	21.727282 	21.727282 	6.005078 	6.005078 	15.099467 	15.099467 	29.000000 	29.000000 	29.000000 	29.000000 	24.041782 	24.041782 	24.041782 	24.041782 	21.339406 	21.339406 	21.339406 	21.339406 	30/30 	20000

T25D	 719.173323 	 719.173323 	 719.173323 	 719.173323 	 6.226885e-13 	0.457602 	19.928169 	19.928169 	19.928169 	19.928169 	21.725845 	21.725845 	21.725845 	21.725845 	12.147245 	12.147245 	15.574743 	15.574743 	19.535962 	19.535962 	19.535962 	19.535962 	24.969804 	24.969804 	24.969804 	24.969804 	8.734351 	8.734351 	8.734351 	8.734351 	30/30 	20000

T25D	 429.670388 	 429.670388 	 430.654744 	 456.230022 	 2.617580e+01 	0.000000 	0.210233 	0.210233 	0.210233 	0.210233 	20.023810 	20.023810 	20.023810 	20.023810 	12.245076 	12.245076 	28.921307 	28.921307 	29.000000 	29.000000 	29.000000 	29.000000 	28.106015 	28.106015 	28.106015 	28.106015 	29.000000 	29.000000 	29.000000 	29.000000 	30/30 	20000

T60C	 365.394144 	 367.422493 	 373.887754 	 442.269955 	 8.823953e+01 	2.138696 	2.105145 	1.026732 	1.454660 	1.514519 	0.967857 	1.899809 	1.895743 	0.996468 	1.391338 	1.331131 	0.990758 	2.138696 	2.105145 	1.026732 	1.454660 	1.514519 	0.967857 	1.899809 	1.895743 	0.996468 	1.391338 	1.331131 	0.990758 	1.252202 	5.000000 	0.524706 	4.950494 	1.720110 	0.549856 	4.941421 	0.500402 	4.775314 	4.584671 	0.509452 	3.578900 	1.252202 	5.000000 	0.524706 	4.950494 	1.720110 	0.549856 	4.941421 	0.500402 	4.775314 	4.584671 	0.509452 	3.578900 	1.474437 	1.474437 	1.474437 	1.474437 	1.474437 	1.474437 	1.474437 	1.474437 	1.474437 	1.474437 	1.474437 	1.474437 	30/30 	12000

T60C	 365.394144 	 367.422493 	 373.887754 	 442.269955 	 8.823953e+01 	2.138696 	2.105145 	1.026732 	1.454660 	1.514519 	0.967857 	1.899809 	1.895743 	0.996468 	1.391338 	1.331131 	0.990758 	2.138696 	2.105145 	1.026732 	1.454660 	1.514519 	0.967857 	1.899809 	1.895743 	0.996468 	1.391338 	1.331131 	0.990758 	1.252202 	5.000000 	0.524706 	4.950494 	1.720110 	0.549856 	4.941421 	0.500402 	4.775314 	4.584671 	0.509452 	3.578900 	1.252202 	5.000000 	0.524706 	4.950494 	1.720110 	0.549856 	4.941421 	0.500402 	4.775314 	4.584671 	0.509452 	3.578900 	1.474437 	1.474437 	1.474437 	1.474437 	1.474437 	1.474437 	1.474437 	1.474437 	1.474437 	1.474437 	1.474437 	1.474437 	30/30 	12000

STRING	 0.012666 	 0.013168 	 0.013953 	 0.017770 	 9.218190e-03 	5.312836 	0.538994 	0.058346 	30/30 	36000

REDUCER	 2996.358777 	 2996.390597 	 3001.042176 	 3016.788345 	 3.150687e+01 	3.500003 	0.700000 	17.000065 	8.300000 	7.800000 	3.352215 	5.286687 	29/30 	36000

STRING	 0.012666 	 0.013168 	 0.013953 	 0.017770 	 9.218190e-03 	5.312836 	0.538994 	0.058346 	30/30 	36000

WELDED	 2.381174 	 2.645335 	 2.867005 	 3.765344 	 2.810861e+00 	0.337979 	4.867842 	7.049990 	0.338061 	30/30 	32000

PRESSURE	 6059.714352 	 6370.779805 	 6508.368375 	 7544.492518 	 2.734590e+03 	21.158413 	10.024569 	65.225233 	10.000000 	30/30 	80000

CANTILEVER	 64628.290777 	 68643.494034 	 69870.429765 	 85450.081109 	 2.170355e+04 	4.453882 	53.934146 	2.968480 	2.982682 	1.452947 	0.798898 	2.204562 	44.091134 	1.749760 	34.995136 	30/30 	35000

CANTILEVER	 65443.738774 	 69503.244214 	 70626.518439 	 83550.182393 	 2.409600e+04 	3.095244 	60.507963 	3.000000 	3.000000 	0.732745 	1.236003 	2.204926 	44.091407 	1.880741 	33.757361 	0.000000 	-0.000000 	0.000000 	0.000000 	0.000000 	0.000000 	0.000000 	0.000000 	0.000000 	-0.000000 	0.000000 	0.000000 	0.000000 	0.000000 	0.000000 	30/30 	20000

STRING	 0.012666 	 0.012895 	 0.013597 	 0.017406 	 7.200257e-03 	4.881376 	0.565002 	0.059176 	30/30 	36000

STRING	 0.012666 	 0.012895 	 0.013597 	 0.017406 	 7.200257e-03 	4.881376 	0.565002 	0.059176 	30/30 	36000

REDUCER	 2996.356314 	 2996.381070 	 3000.659737 	 3016.777031 	 3.429298e+01 	3.500008 	0.700000 	17.000000 	8.300000 	8.300000 	3.352214 	5.286862 	29/30 	36000

WELDED	 2.381146 	 2.381173 	 2.381189 	 2.381415 	 3.035837e-04 	0.244367 	6.218314 	8.291948 	0.244367 	30/30 	460800

WELDED	 2.381162 	 2.521305 	 2.763862 	 4.127299 	 2.663334e+00 	0.340753 	4.835152 	7.021451 	0.340783 	30/30 	32000

WELDED	 2.381165 	 2.460345 	 2.646323 	 3.677110 	 1.940579e+00 	0.265783 	5.828655 	7.956766 	0.265845 	30/30 	80000

PRESSURE	 6059.714360 	 6370.779797 	 6504.021887 	 7544.492518 	 2.701649e+03 	21.218067 	10.022491 	65.225233 	10.000000 	30/30 	80000

CANTILEVER	 64578.225361 	 68943.497363 	 68873.965835 	 76243.501901 	 1.703295e+04 	3.886314 	60.429491 	3.000000 	3.000000 	0.657325 	1.418281 	2.204566 	44.091300 	1.749762 	34.995121 	30/30 	35000

CANTILEVER	 64965.240838 	 70743.725183 	 70741.188796 	 82300.201246 	 2.057369e+04 	3.246666 	60.908810 	2.971487 	3.000000 	1.345880 	1.124339 	2.204792 	44.089920 	1.756923 	34.924705 	0.000000 	0.000000 	0.000000 	-0.000000 	0.000000 	0.000000 	0.000000 	0.000000 	0.000000 	0.000000 	0.000000 	-0.000000 	0.000000 	0.000000 	0.000000 	30/30 	20000

T25D	 719.173323 	 719.173323 	 719.173323 	 719.173323 	 6.226885e-13 	0.413161 	20.366723 	20.366723 	20.366723 	20.366723 	21.727282 	21.727282 	21.727282 	21.727282 	6.005078 	6.005078 	15.099467 	15.099467 	29.000000 	29.000000 	29.000000 	29.000000 	24.041782 	24.041782 	24.041782 	24.041782 	21.339406 	21.339406 	21.339406 	21.339406 	30/30 	20000

T25D	 484.854179 	 485.048797 	 487.093402 	 526.844146 	 4.117672e+01 	0.310204 	2.364286 	2.364286 	2.364286 	2.364286 	29.000000 	29.000000 	29.000000 	29.000000 	0.000000 	0.000000 	19.727557 	19.727557 	8.520745 	8.520745 	8.520745 	8.520745 	3.643911 	3.643911 	3.643911 	3.643911 	29.000000 	29.000000 	29.000000 	29.000000 	30/30 	20000

T25D	 541.127059 	 588.229719 	 591.068643 	 647.850594 	 1.314147e+02 	8.740600 	20.729200 	20.729200 	20.729200 	20.729200 	8.772500 	8.772500 	8.772500 	8.772500 	7.551600 	7.551600 	14.856700 	14.856700 	1.267300 	1.267300 	1.267300 	1.267300 	6.829500 	6.829500 	6.829500 	6.829500 	12.316300 	12.316300 	12.316300 	12.316300 	30/30 	20000

T25D	 541.127059 	 588.229719 	 591.068643 	 647.850594 	 1.314147e+02 	8.740600 	20.729200 	20.729200 	20.729200 	20.729200 	8.772500 	8.772500 	8.772500 	8.772500 	7.551600 	7.551600 	14.856700 	14.856700 	1.267300 	1.267300 	1.267300 	1.267300 	6.829500 	6.829500 	6.829500 	6.829500 	12.316300 	12.316300 	12.316300 	12.316300 	30/30 	20000

T25D	 541.127059 	 588.229719 	 588.634098 	 641.062347 	 1.186071e+02 	8.740600 	20.729200 	20.729200 	20.729200 	20.729200 	8.772500 	8.772500 	8.772500 	8.772500 	7.551600 	7.551600 	14.856700 	14.856700 	1.267300 	1.267300 	1.267300 	1.267300 	6.829500 	6.829500 	6.829500 	6.829500 	12.316300 	12.316300 	12.316300 	12.316300 	30/30 	20000

T25D	 541.127059 	 588.229719 	 591.068643 	 647.850594 	 1.314147e+02 	8.740600 	20.729200 	20.729200 	20.729200 	20.729200 	8.772500 	8.772500 	8.772500 	8.772500 	7.551600 	7.551600 	14.856700 	14.856700 	1.267300 	1.267300 	1.267300 	1.267300 	6.829500 	6.829500 	6.829500 	6.829500 	12.316300 	12.316300 	12.316300 	12.316300 	30/30 	20000

T25D	 541.127059 	 588.229719 	 591.068643 	 647.850594 	 1.314147e+02 	8.740600 	20.729200 	20.729200 	20.729200 	20.729200 	8.772500 	8.772500 	8.772500 	8.772500 	7.551600 	7.551600 	14.856700 	14.856700 	1.267300 	1.267300 	1.267300 	1.267300 	6.829500 	6.829500 	6.829500 	6.829500 	12.316300 	12.316300 	12.316300 	12.316300 	30/30 	20000

T25D	 541.127059 	 588.229719 	 588.634098 	 641.062347 	 1.186071e+02 	8.740600 	20.729200 	20.729200 	20.729200 	20.729200 	8.772500 	8.772500 	8.772500 	8.772500 	7.551600 	7.551600 	14.856700 	14.856700 	1.267300 	1.267300 	1.267300 	1.267300 	6.829500 	6.829500 	6.829500 	6.829500 	12.316300 	12.316300 	12.316300 	12.316300 	30/30 	20000

T25D	 541.127059 	 588.229719 	 591.068643 	 647.850594 	 1.314147e+02 	8.740600 	20.729200 	20.729200 	20.729200 	20.729200 	8.772500 	8.772500 	8.772500 	8.772500 	7.551600 	7.551600 	14.856700 	14.856700 	1.267300 	1.267300 	1.267300 	1.267300 	6.829500 	6.829500 	6.829500 	6.829500 	12.316300 	12.316300 	12.316300 	12.316300 	30/30 	20000

T25D	 541.127059 	 588.229719 	 591.068643 	 647.850594 	 1.314147e+02 	8.740600 	20.729200 	20.729200 	20.729200 	20.729200 	8.772500 	8.772500 	8.772500 	8.772500 	7.551600 	7.551600 	14.856700 	14.856700 	1.267300 	1.267300 	1.267300 	1.267300 	6.829500 	6.829500 	6.829500 	6.829500 	12.316300 	12.316300 	12.316300 	12.316300 	30/30 	20000

T25D	 541.127059 	 588.229719 	 591.068643 	 647.850594 	 1.314147e+02 	8.740600 	20.729200 	20.729200 	20.729200 	20.729200 	8.772500 	8.772500 	8.772500 	8.772500 	7.551600 	7.551600 	14.856700 	14.856700 	1.267300 	1.267300 	1.267300 	1.267300 	6.829500 	6.829500 	6.829500 	6.829500 	12.316300 	12.316300 	12.316300 	12.316300 	30/30 	20000

T25D	 541.127059 	 588.229719 	 588.634098 	 641.062347 	 1.186071e+02 	8.740600 	20.729200 	20.729200 	20.729200 	20.729200 	8.772500 	8.772500 	8.772500 	8.772500 	7.551600 	7.551600 	14.856700 	14.856700 	1.267300 	1.267300 	1.267300 	1.267300 	6.829500 	6.829500 	6.829500 	6.829500 	12.316300 	12.316300 	12.316300 	12.316300 	30/30 	20000

T25D	 90.336094 	 175.066025 	 174.635278 	 280.127607 	 2.144976e+02 	15.565131 	9.442651 	9.442651 	9.442651 	9.442651 	7.478237 	7.478237 	7.478237 	7.478237 	4.223721 	4.223721 	2.822364 	2.822364 	0.190558 	0.190558 	0.190558 	0.190558 	0.231837 	0.231837 	0.231837 	0.231837 	0.928050 	0.928050 	0.928050 	0.928050 	30/30 	20000

T25D	 228.614723 	 228.614723 	 229.944263 	 241.910125 	 2.184657e+01 	0.097477 	17.405708 	17.405708 	17.405708 	17.405708 	24.703292 	24.703292 	24.703292 	24.703292 	0.000000 	0.000000 	0.000000 	0.000000 	0.000000 	0.000000 	0.000000 	0.000000 	0.000000 	0.000000 	0.000000 	0.000000 	0.000000 	0.000000 	0.000000 	0.000000 	30/30 	20000

T25D	 484.854179 	 485.048797 	 487.093402 	 526.844146 	 4.117672e+01 	0.310204 	2.364286 	2.364286 	2.364286 	2.364286 	29.000000 	29.000000 	29.000000 	29.000000 	0.000000 	0.000000 	19.727557 	19.727557 	8.520745 	8.520745 	8.520745 	8.520745 	3.643911 	3.643911 	3.643911 	3.643911 	29.000000 	29.000000 	29.000000 	29.000000 	30/30 	20000

T25D	 0.000000 	 0.000000 	 0.000000 	 0.000000 	 0.000000e+00 	8.740600 	20.729200 	20.729200 	20.729200 	20.729200 	8.772500 	8.772500 	8.772500 	8.772500 	7.551600 	7.551600 	14.856700 	14.856700 	1.267300 	1.267300 	1.267300 	1.267300 	6.829500 	6.829500 	6.829500 	6.829500 	12.316300 	12.316300 	12.316300 	12.316300 	30/30 	20000

T25D	 0.000000 	 0.000000 	 0.000000 	 0.000000 	 0.000000e+00 	12.867300 	19.722901 	25.972401 	13.482100 	21.097501 	27.695000 	24.934199 	27.700800 	30/30 	20000

T25D	 484.854179 	 485.048797 	 487.008975 	 526.844146 	 4.116931e+01 	0.310204 	2.364286 	2.364286 	2.364286 	2.364286 	29.000000 	29.000000 	29.000000 	29.000000 	0.000000 	0.000000 	19.727557 	19.727557 	8.520745 	8.520745 	8.520745 	8.520745 	3.643911 	3.643911 	3.643911 	3.643911 	29.000000 	29.000000 	29.000000 	29.000000 	30/30 	20000

T25D	 484.854179 	 485.048797 	 487.008975 	 526.844146 	 4.116931e+01 	0.310204 	2.364286 	2.364286 	2.364286 	2.364286 	29.000000 	29.000000 	29.000000 	29.000000 	0.000000 	0.000000 	19.727557 	19.727557 	8.520745 	8.520745 	8.520745 	8.520745 	3.643911 	3.643911 	3.643911 	3.643911 	29.000000 	29.000000 	29.000000 	29.000000 	30/30 	20000

T25D	 484.854179 	 485.048797 	 487.008975 	 526.844146 	 4.116931e+01 	0.310204 	2.364286 	2.364286 	2.364286 	2.364286 	29.000000 	29.000000 	29.000000 	29.000000 	0.000000 	0.000000 	19.727557 	19.727557 	8.520745 	8.520745 	8.520745 	8.520745 	3.643911 	3.643911 	3.643911 	3.643911 	29.000000 	29.000000 	29.000000 	29.000000 	30/30 	20000

T25D	 484.854179 	 485.048797 	 486.861529 	 526.844147 	 4.129373e+01 	0.000932 	3.506143 	3.506143 	3.506143 	3.506143 	28.786360 	28.786360 	28.786360 	28.786360 	0.000000 	0.000000 	17.839763 	17.839763 	8.712568 	8.712568 	8.712568 	8.712568 	3.475619 	3.475619 	3.475619 	3.475619 	29.000000 	29.000000 	29.000000 	29.000000 	30/30 	20000

T10C	 5061.301909 	 5075.610972 	 5076.947791 	 5191.637439 	 1.251075e+02 	31.025697 	0.100479 	24.035230 	14.734165 	0.100259 	0.522367 	7.359047 	20.566065 	21.569868 	0.100283 	30/30 	20000

T10C	 5061.301909 	 5075.610972 	 5076.947791 	 5191.637439 	 1.251075e+02 	31.025697 	0.100479 	24.035230 	14.734165 	0.100259 	0.522367 	7.359047 	20.566065 	21.569868 	0.100283 	30/30 	20000

T10D	 5509.717373 	 5528.086905 	 5595.462196 	 6540.441398 	 1.021138e+03 	31.000000 	0.000645 	28.518293 	23.515938 	0.312343 	0.249739 	20.221992 	28.078510 	26.835065 	0.000197 	30/30 	20000

T10D	 5509.717373 	 5528.086905 	 5595.462196 	 6540.441398 	 1.021138e+03 	31.000000 	0.000645 	28.518293 	23.515938 	0.312343 	0.249739 	20.221992 	28.078510 	26.835065 	0.000197 	30/30 	20000

T60C	 310.546424 	 314.333813 	 329.750602 	 386.762682 	 1.344560e+02 	2.005521 	0.501826 	1.649994 	1.729496 	0.503741 	2.079413 	2.327476 	1.076293 	1.671538 	1.917880 	0.500779 	2.001095 	2.005521 	0.501826 	1.649994 	1.729496 	0.503741 	2.079413 	2.327476 	1.076293 	1.671538 	1.917880 	0.500779 	2.001095 	1.250971 	1.060587 	0.506090 	0.783245 	1.101679 	1.140666 	1.158588 	1.108413 	1.122729 	0.575800 	1.009135 	1.256236 	1.250971 	1.060587 	0.506090 	0.783245 	1.101679 	1.140666 	1.158588 	1.108413 	1.122729 	0.575800 	1.009135 	1.256236 	1.133809 	1.133809 	1.133809 	1.133809 	1.133809 	1.133809 	1.133809 	1.133809 	1.133809 	1.133809 	1.133809 	1.133809 	30/30 	20000

T72C	 369.707175 	 369.761291 	 374.609418 	 514.889906 	 1.426790e+02 	0.100019 	0.100019 	0.100019 	0.100019 	0.520698 	0.520698 	0.520698 	0.520698 	0.520698 	0.520698 	0.520698 	0.520698 	0.390026 	0.390026 	0.390026 	0.390026 	0.529584 	0.529584 	0.482099 	0.482099 	0.482099 	0.482099 	0.510101 	0.510101 	0.510101 	0.510101 	0.510101 	0.510101 	0.510101 	0.510101 	0.100383 	0.100383 	0.100383 	0.100383 	0.100248 	0.100248 	1.263985 	1.263985 	1.263985 	1.263985 	0.516469 	0.516469 	0.516469 	0.516469 	0.516469 	0.516469 	0.516469 	0.516469 	0.100104 	0.100104 	0.100104 	0.100104 	0.100490 	0.100490 	1.841541 	1.841541 	1.841541 	1.841541 	0.501814 	0.501814 	0.501814 	0.501814 	0.501814 	0.501814 	0.501814 	0.501814 	0.100418 	0.100418 	0.100418 	0.100418 	0.100000 	0.100000 	30/30 	20000

T72C	 379.727957 	 379.812915 	 379.833874 	 380.149937 	 5.206570e-01 	0.156779 	0.156779 	0.156779 	0.156779 	0.543126 	0.543126 	0.543126 	0.543126 	0.543126 	0.543126 	0.543126 	0.543126 	0.420543 	0.420543 	0.420543 	0.420543 	0.580171 	0.580171 	0.517745 	0.517745 	0.517745 	0.517745 	0.504591 	0.504591 	0.504591 	0.504591 	0.504591 	0.504591 	0.504591 	0.504591 	0.100000 	0.100000 	0.100000 	0.100000 	0.100000 	0.100000 	1.258204 	1.258204 	1.258204 	1.258204 	0.508983 	0.508983 	0.508983 	0.508983 	0.508983 	0.508983 	0.508983 	0.508983 	0.100072 	0.100072 	0.100072 	0.100072 	0.100047 	0.100047 	1.891671 	1.891671 	1.891671 	1.891671 	0.525544 	0.525544 	0.525544 	0.525544 	0.525544 	0.525544 	0.525544 	0.525544 	0.100063 	0.100063 	0.100063 	0.100063 	0.100000 	0.100000 	30/30 	20000

T10C	 5060.947307 	 5069.038276 	 5069.816972 	 5087.805227 	 4.629297e+01 	30.361540 	0.100000 	23.569442 	14.984778 	0.100000 	0.100000 	8.632677 	21.145613 	20.907379 	0.100019 	30/30 	280000

T10D	 5509.717373 	 5521.244867 	 5594.236423 	 6347.034801 	 8.671090e+02 	30.975853 	0.002334 	28.267115 	25.456033 	0.000091 	0.421273 	19.531263 	28.082870 	28.263382 	0.000078 	30/30 	180000

T25D	 484.854179 	 485.048797 	 486.289066 	 510.336915 	 2.526693e+01 	0.000932 	3.506143 	3.506143 	3.506143 	3.506143 	28.786360 	28.786360 	28.786360 	28.786360 	0.000000 	0.000000 	17.839763 	17.839763 	8.712568 	8.712568 	8.712568 	8.712568 	3.475619 	3.475619 	3.475619 	3.475619 	29.000000 	29.000000 	29.000000 	29.000000 	30/30 	20000

T60C	 311.717441 	 319.938600 	 327.910086 	 380.653120 	 9.568748e+01 	2.028330 	0.500817 	1.857825 	1.632292 	0.500980 	1.927697 	2.405848 	1.091286 	1.550283 	1.803391 	0.500267 	2.044357 	2.028330 	0.500817 	1.857825 	1.632292 	0.500980 	1.927697 	2.405848 	1.091286 	1.550283 	1.803391 	0.500267 	2.044357 	1.270233 	1.115854 	0.630433 	0.503029 	1.238143 	1.140891 	1.145924 	1.153856 	1.107792 	0.638165 	1.132430 	1.252447 	1.270233 	1.115854 	0.630433 	0.503029 	1.238143 	1.140891 	1.145924 	1.153856 	1.107792 	0.638165 	1.132430 	1.252447 	1.159272 	1.159272 	1.159272 	1.159272 	1.159272 	1.159272 	1.159272 	1.159272 	1.159272 	1.159272 	1.159272 	1.159272 	30/30 	12000

T72C	 379.652909 	 379.731173 	 379.745805 	 380.204020 	 5.449887e-01 	0.156915 	0.156915 	0.156915 	0.156915 	0.535865 	0.535865 	0.535865 	0.535865 	0.535865 	0.535865 	0.535865 	0.535865 	0.403715 	0.403715 	0.403715 	0.403715 	0.562808 	0.562808 	0.520931 	0.520931 	0.520931 	0.520931 	0.518822 	0.518822 	0.518822 	0.518822 	0.518822 	0.518822 	0.518822 	0.518822 	0.100102 	0.100102 	0.100102 	0.100102 	0.100000 	0.100000 	1.230839 	1.230839 	1.230839 	1.230839 	0.525034 	0.525034 	0.525034 	0.525034 	0.525034 	0.525034 	0.525034 	0.525034 	0.100077 	0.100077 	0.100077 	0.100077 	0.100000 	0.100000 	1.935353 	1.935353 	1.935353 	1.935353 	0.511177 	0.511177 	0.511177 	0.511177 	0.511177 	0.511177 	0.511177 	0.511177 	0.100107 	0.100107 	0.100107 	0.100107 	0.100187 	0.100187 	30/30 	35000

WELDED	 2.381162 	 2.521305 	 2.763862 	 4.127299 	 2.663334e+00 	0.340753 	4.835152 	7.021451 	0.340783 	30/30 	32000

WELDED	 2.381162 	 2.521305 	 2.763862 	 4.127299 	 2.663334e+00 	0.340753 	4.835152 	7.021451 	0.340783 	30/30 	32000

WELDED	 2.381146 	 2.512969 	 2.663524 	 3.585389 	 1.984252e+00 	0.533040 	3.428141 	5.614082 	0.533085 	30/30 	320000

WELDED	 2.381146 	 2.512969 	 2.663524 	 3.585389 	 1.984252e+00 	0.533040 	3.428141 	5.614082 	0.533085 	30/30 	320000

T10D	 5509.717373 	 5521.244867 	 5594.236423 	 6347.034801 	 8.671090e+02 	30.975853 	0.002334 	28.267115 	25.456033 	0.000091 	0.421273 	19.531263 	28.082870 	28.263382 	0.000078 	30/30 	180000

T10D	 5509.717373 	 5521.244867 	 5594.236423 	 6347.034801 	 8.671090e+02 	30.975853 	0.002334 	28.267115 	25.456033 	0.000091 	0.421273 	19.531263 	28.082870 	28.263382 	0.000078 	30/30 	180000

T10D	 5509.717373 	 5521.244867 	 5594.236423 	 6347.034801 	 8.671090e+02 	30.975853 	0.002334 	28.267115 	25.456033 	0.000091 	0.421273 	19.531263 	28.082870 	28.263382 	0.000078 	30/30 	180000

T10D	 5509.717373 	 5583.433879 	 5608.054915 	 6463.898099 	 9.398600e+02 	30.274109 	0.526163 	31.000000 	23.405517 	0.034648 	0.023363 	21.154659 	26.464885 	26.858497 	1.061653 	30/30 	90000

T10D	 5509.717373 	 5583.433879 	 5608.054915 	 6463.898099 	 9.398600e+02 	30.274109 	0.526163 	31.000000 	23.405517 	0.034648 	0.023363 	21.154659 	26.464885 	26.858497 	1.061653 	30/30 	90000

STRING	 0.012666 	 0.013168 	 0.013953 	 0.017770 	 9.218190e-03 	5.312836 	0.538994 	0.058346 	30/30 	36000

STRING	 0.012666 	 0.013168 	 0.013953 	 0.017770 	 9.218190e-03 	5.312836 	0.538994 	0.058346 	30/30 	36000

STRING	 0.012666 	 0.013168 	 0.013953 	 0.017770 	 9.218190e-03 	5.312836 	0.538994 	0.058346 	30/30 	36000



*--*--*--*--*-- NOVAS IMPRESSÕES (VARIÁVEIS DE PROJETO) *--*--*--*--*--
                APM MED 3 (Problemas clássicos)

STRING	 0.012666 	 0.012895 	 0.013597 	 0.017406 	 7.200257e-03 	 projectVariables(best individual): 11.327051 	0.356086 	0.051663 	 endProjectVariables(best individual)	30/30 	36000

REDUCER	 2996.356314 	 2996.381070 	 3000.659737 	 3016.777031 	 3.429298e+01 	 projectVariables(best individual): 3.500003 	0.700000 	17.000000 	7.300185 	7.800145 	3.350221 	5.286684 	 endProjectVariables(best individual)	29/30 	36000

WELDED	 2.381146 	 2.512969 	 2.663524 	 3.585389 	 1.984252e+00 	 projectVariables(best individual): 0.244367 	6.218653 	8.291492 	0.244370 	 endProjectVariables(best individual)	30/30 	320000

PRESSURE	 6059.714360 	 6370.779797 	 6504.021887 	 7544.492518 	 2.701649e+03 	 projectVariables(best individual): 13.292847 	6.733947 	42.098445 	176.636598 	 endProjectVariables(best individual)	30/30 	80000
***PRESSURE COM VARIAVEL DE PROJETO ESTRANHA, VERIFICAR***

CANTILEVER	 64578.225361 	 68943.497363 	 68873.965835 	 76243.501901 	 1.703295e+04 	 projectVariables(best individual): 3.242513 	60.721308 	2.854063 	1.763154 	1.350839 	1.332820 	2.280889 	45.617713 	1.749767 	34.995138 	 endProjectVariables(best individual)	30/30 	35000

                APM (Problemas de estruturas)

T10C	 5060.947307 	 5069.038276 	 5069.816972 	 5087.805227 	 4.629297e+01 	 projectVariables(best individual): 30.633433 	0.100000 	23.041744 	15.197787 	0.100000 	0.554800 	7.464924 	20.970234 	21.636972 	0.100000 	 endProjectVariables(best individual)	30/30 	280000

T10D	 5509.717373 	 5583.433879 	 5608.054915 	 6463.898099 	 9.398600e+02 	 projectVariables(best individual): 30.999442 	0.214494 	28.288087 	24.951834 	0.001618 	0.440247 	20.079916 	27.867945 	28.277859 	0.000000 	 endProjectVariables(best individual)	30/30 	90000
***PRESSURE COM ULTIMA VARIAVEL DE PROJETO ESTRANHA, VERIFICAR***

T25D	 484.854179 	 485.048797 	 486.733395 	 510.336915 	 2.736169e+01 	 projectVariables(best individual): 0.043417 	2.417307 	2.417307 	2.417307 	2.417307 	28.999588 	28.999588 	28.999588 	28.999588 	0.068685 	0.068685 	19.736034 	19.736034 	9.427932 	9.427932 	9.427932 	9.427932 	4.331147 	4.331147 	4.331147 	4.331147 	29.000000 	29.000000 	29.000000 	29.000000 	 endProjectVariables(best individual)	30/30 	20000

T60C	 311.717441 	 319.938600 	 327.910086 	 380.653120 	 9.568748e+01 	 projectVariables(best individual): 2.102395 	0.503932 	2.000652 	1.932965 	0.573366 	1.893816 	1.925602 	1.060730 	1.764067 	1.615935 	0.506942 	2.129686 	2.102395 	0.503932 	2.000652 	1.932965 	0.573366 	1.893816 	1.925602 	1.060730 	1.764067 	1.615935 	0.506942 	2.129686 	1.264224 	1.154981 	0.508007 	0.709542 	0.989056 	1.140337 	1.139156 	1.072108 	1.077415 	0.623711 	1.090640 	1.259983 	1.264224 	1.154981 	0.508007 	0.709542 	0.989056 	1.140337 	1.139156 	1.072108 	1.077415 	0.623711 	1.090640 	1.259983 	1.168084 	1.168084 	1.168084 	1.168084 	1.168084 	1.168084 	1.168084 	1.168084 	1.168084 	1.168084 	1.168084 	1.168084 	 endProjectVariables(best individual)	30/30 	12000

T72C	 379.652909 	 379.731173 	 379.745805 	 380.204020 	 5.449887e-01 	 projectVariables(best individual): 0.156658 	0.156658 	0.156658 	0.156658 	0.544394 	0.544394 	0.544394 	0.544394 	0.544394 	0.544394 	0.544394 	0.544394 	0.415662 	0.415662 	0.415662 	0.415662 	0.553284 	0.553284 	0.514888 	0.514888 	0.514888 	0.514888 	0.517994 	0.517994 	0.517994 	0.517994 	0.517994 	0.517994 	0.517994 	0.517994 	0.100000 	0.100000 	0.100000 	0.100000 	0.100405 	0.100405 	1.266802 	1.266802 	1.266802 	1.266802 	0.512055 	0.512055 	0.512055 	0.512055 	0.512055 	0.512055 	0.512055 	0.512055 	0.100064 	0.100064 	0.100064 	0.100064 	0.100000 	0.100000 	1.893667 	1.893667 	1.893667 	1.893667 	0.515792 	0.515792 	0.515792 	0.515792 	0.515792 	0.515792 	0.515792 	0.515792 	0.100124 	0.100124 	0.100124 	0.100124 	0.100031 	0.100031 	 endProjectVariables(best individual)	30/30 	35000

T72C	 379.652909 	 379.731173 	 379.745805 	 380.204020 	 5.449887e-01 	 projectVariables(best individual): 0.156658 	0.156658 	0.156658 	0.156658 	0.544394 	0.544394 	0.544394 	0.544394 	0.544394 	0.544394 	0.544394 	0.544394 	0.415662 	0.415662 	0.415662 	0.415662 	0.553284 	0.553284 	0.514888 	0.514888 	0.514888 	0.514888 	0.517994 	0.517994 	0.517994 	0.517994 	0.517994 	0.517994 	0.517994 	0.517994 	0.100000 	0.100000 	0.100000 	0.100000 	0.100405 	0.100405 	1.266802 	1.266802 	1.266802 	1.266802 	0.512055 	0.512055 	0.512055 	0.512055 	0.512055 	0.512055 	0.512055 	0.512055 	0.100064 	0.100064 	0.100064 	0.100064 	0.100000 	0.100000 	1.893667 	1.893667 	1.893667 	1.893667 	0.515792 	0.515792 	0.515792 	0.515792 	0.515792 	0.515792 	0.515792 	0.515792 	0.100124 	0.100124 	0.100124 	0.100124 	0.100031 	0.100031 	 endProjectVariables(best individual)	30/30 	35000

T60C	 311.717441 	 319.938600 	 327.910086 	 380.653120 	 9.568748e+01 	 projectVariables(best individual): 2.102395 	0.503932 	2.000652 	1.932965 	0.573366 	1.893816 	1.925602 	1.060730 	1.764067 	1.615935 	0.506942 	2.129686 	2.102395 	0.503932 	2.000652 	1.932965 	0.573366 	1.893816 	1.925602 	1.060730 	1.764067 	1.615935 	0.506942 	2.129686 	1.264224 	1.154981 	0.508007 	0.709542 	0.989056 	1.140337 	1.139156 	1.072108 	1.077415 	0.623711 	1.090640 	1.259983 	1.264224 	1.154981 	0.508007 	0.709542 	0.989056 	1.140337 	1.139156 	1.072108 	1.077415 	0.623711 	1.090640 	1.259983 	1.168084 	1.168084 	1.168084 	1.168084 	1.168084 	1.168084 	1.168084 	1.168084 	1.168084 	1.168084 	1.168084 	1.168084 	 endProjectVariables(best individual)	30/30 	12000

T60C	 311.717441 	 319.938600 	 327.910086 	 380.653120 	 9.568748e+01 	 projectVariables(best individual): 2.102395 	0.503932 	2.000652 	1.932965 	0.573366 	1.893816 	1.925602 	1.060730 	1.764067 	1.615935 	0.506942 	2.129686 	2.102395 	0.503932 	2.000652 	1.932965 	0.573366 	1.893816 	1.925602 	1.060730 	1.764067 	1.615935 	0.506942 	2.129686 	1.264224 	1.154981 	0.508007 	0.709542 	0.989056 	1.140337 	1.139156 	1.072108 	1.077415 	0.623711 	1.090640 	1.259983 	1.264224 	1.154981 	0.508007 	0.709542 	0.989056 	1.140337 	1.139156 	1.072108 	1.077415 	0.623711 	1.090640 	1.259983 	1.168084 	1.168084 	1.168084 	1.168084 	1.168084 	1.168084 	1.168084 	1.168084 	1.168084 	1.168084 	1.168084 	1.168084 	 endProjectVariables(best individual)	30/30 	12000

2.102395 	0.503932 	2.000652 	1.932965 	0.573366 	1.893816 	1.925602 	1.060730 	1.764067 	1.615935 	0.506942 	2.129686 	2.102395 	0.503932 	2.000652 	1.932965 	0.573366 	1.893816 	1.925602 	1.060730 	1.764067 	1.615935 	0.506942 	2.129686 	1.264224 	1.154981 	0.508007 	0.709542 	0.989056 	1.140337 	1.139156 	1.072108 	1.077415 	0.623711 	1.090640 	1.259983 	1.264224 	1.154981 	0.508007 	0.709542 	0.989056 	1.140337 	1.139156 	1.072108 	1.077415 	0.623711 	1.090640 	1.259983 	1.168084 	1.168084 	1.168084 	1.168084 	1.168084 	1.168084 	1.168084 	1.168084 	1.168084 	1.168084 	1.168084 	1.168084

T60C	 311.717441 	 319.938600 	 327.910086 	 380.653120 	 9.568748e+01 	 projectVariables(best individual): 2.028330 	0.500817 	1.857825 	1.632292 	0.500980 	1.927697 	2.405848 	1.091286 	1.550283 	1.803391 	0.500267 	2.044357 	2.028330 	0.500817 	1.857825 	1.632292 	0.500980 	1.927697 	2.405848 	1.091286 	1.550283 	1.803391 	0.500267 	2.044357 	1.270233 	1.115854 	0.630433 	0.503029 	1.238143 	1.140891 	1.145924 	1.153856 	1.107792 	0.638165 	1.132430 	1.252447 	1.270233 	1.115854 	0.630433 	0.503029 	1.238143 	1.140891 	1.145924 	1.153856 	1.107792 	0.638165 	1.132430 	1.252447 	1.159272 	1.159272 	1.159272 	1.159272 	1.159272 	1.159272 	1.159272 	1.159272 	1.159272 	1.159272 	1.159272 	1.159272 	 endProjectVariables(best individual)	30/30 	12000

T60C	 311.717441 	 319.938600 	 327.910086 	 380.653120 	 9.568748e+01 	 projectVariables(best individual): 2.102395 	0.503932 	2.000652 	1.932965 	0.573366 	1.893816 	1.925602 	1.060730 	1.764067 	1.615935 	0.506942 	2.129686 	2.102395 	0.503932 	2.000652 	1.932965 	0.573366 	1.893816 	1.925602 	1.060730 	1.764067 	1.615935 	0.506942 	2.129686 	1.264224 	1.154981 	0.508007 	0.709542 	0.989056 	1.140337 	1.139156 	1.072108 	1.077415 	0.623711 	1.090640 	1.259983 	1.264224 	1.154981 	0.508007 	0.709542 	0.989056 	1.140337 	1.139156 	1.072108 	1.077415 	0.623711 	1.090640 	1.259983 	1.168084 	1.168084 	1.168084 	1.168084 	1.168084 	1.168084 	1.168084 	1.168084 	1.168084 	1.168084 	1.168084 	1.168084 	 endProjectVariables(best individual)	30/30 	12000

T60C	 311.717427 	 311.717427 	 311.717427 	 311.717427 	 0.000000e+00 	 projectVariables(best individual): 2.192000 	3.107300 	2.895350 	1.323050 	1.263650 	2.650100 	3.000650 	1.655600 	1.628150 	1.889150 	2.327900 	3.731000 	2.192000 	3.107300 	2.895350 	1.323050 	1.263650 	2.650100 	3.000650 	1.655600 	1.628150 	1.889150 	2.327900 	3.731000 	0.888800 	2.064200 	4.368650 	3.985250 	1.475600 	4.394300 	4.528850 	1.463450 	3.456050 	4.656200 	0.848750 	2.317550 	0.888800 	2.064200 	4.368650 	3.985250 	1.475600 	4.394300 	4.528850 	1.463450 	3.456050 	4.656200 	0.848750 	2.317550 	2.335100 	2.335100 	2.335100 	2.335100 	2.335100 	2.335100 	2.335100 	2.335100 	2.335100 	2.335100 	2.335100 	2.335100 	 endProjectVariables(best individual)	30/30 	12000

T25D	 484.854179 	 485.048797 	 486.733395 	 510.336915 	 2.736169e+01 	 projectVariables(best individual): 0.043417 	2.417307 	2.417307 	2.417307 	2.417307 	28.999588 	28.999588 	28.999588 	28.999588 	0.068685 	0.068685 	19.736034 	19.736034 	9.427932 	9.427932 	9.427932 	9.427932 	4.331147 	4.331147 	4.331147 	4.331147 	29.000000 	29.000000 	29.000000 	29.000000 	 endProjectVariables(best individual)	30/30 	20000

T25D	 484.854179 	 484.854179 	 484.854179 	 484.854179 	 2.179410e-12 	 projectVariables(best individual): 10.904000 	16.802600 	16.802600 	16.802600 	16.802600 	13.856200 	13.856200 	13.856200 	13.856200 	8.952300 	8.952300 	20.822000 	20.822000 	4.115100 	4.115100 	4.115100 	4.115100 	20.445000 	20.445000 	20.445000 	20.445000 	1.824100 	1.824100 	1.824100 	1.824100 	 endProjectVariables(best individual)	30/30 	20000

T25D	 484.854179 	 485.048797 	 486.141619 	 510.336915 	 2.495597e+01 	 projectVariables(best individual): 0.028998 	2.214815 	2.214815 	2.214815 	2.214815 	29.000000 	29.000000 	29.000000 	29.000000 	0.000379 	0.000379 	19.867997 	19.867997 	8.676624 	8.676624 	8.676624 	8.676624 	4.055010 	4.055010 	4.055010 	4.055010 	28.970437 	28.970437 	28.970437 	28.970437 	 endProjectVariables(best individual)	30/30 	20000

T10D	 5509.717373 	 5583.433879 	 5608.054915 	 6463.898099 	 9.398600e+02 	 projectVariables(best individual): 30.999442 	0.214494 	28.288087 	24.951834 	0.001618 	0.440247 	20.079916 	27.867945 	28.277859 	0.000000 	 endProjectVariables(best individual)	30/30 	90000

PRESSURE	 6059.714352 	 6370.779805 	 6508.368375 	 7544.492518 	 2.734590e+03 	 projectVariables(best individual): 13.233202 	6.511872 	42.098446 	176.636597 	 endProjectVariables(best individual)	30/30 	80000

