	52   20    
    1    1    1    1       0.0       0.0       0.0
    2    1    1    1    2000.0       0.0       0.0
    3    1    1    1    4000.0       0.0       0.0
    4    1    1    1    6000.0       0.0       0.0
    5    0    0    1       0.0    3000.0       0.0
    6    0    0    1    2000.0    3000.0       0.0
    7    0    0    1    4000.0    3000.0       0.0 
    8    0    0    1    6000.0    3000.0       0.0 
    9    0    0    1       0.0    6000.0       0.0 
   10    0    0    1    2000.0    6000.0       0.0 
   11    0    0    1    4000.0    6000.0       0.0 
   12    0    0    1    6000.0    6000.0       0.0 
   13    0    0    1       0.0    9000.0       0.0 
   14    0    0    1    2000.0    9000.0       0.0 
   15    0    0    1    4000.0    9000.0       0.0 
   16    0    0    1    6000.0    9000.0       0.0 
   17    0    0    1       0.0   12000.0       0.0 
   18    0    0    1    2000.0   12000.0       0.0 
   19    0    0    1    4000.0   12000.0       0.0 
   20    0    0    1    6000.0   12000.0       0.0 

    8
   17    1   10000.0
   17    2   20000.0
   18    1   10000.0
   18    2   20000.0
   19    1   10000.0
   19    2   20000.0
   20    1   10000.0 
   20    2   20000.0

    1   20700.0      0.10
    2   20700.0      0.10
    3   20700.0      0.10
    4   20700.0      0.10
    5   20700.0      0.10
    6   20700.0      0.10
    7   20700.0      0.10
    8   20700.0      0.10
    9   20700.0      0.10
   10   20700.0      0.10
   11   20700.0      0.10
   12   20700.0      0.10
   13   20700.0      0.10
   14   20700.0      0.10
   15   20700.0      0.10
   16   20700.0      0.10
   17   20700.0      0.10
   18   20700.0      0.10
   19   20700.0      0.10
   20   20700.0      0.10
   21   20700.0      0.10
   22   20700.0      0.10
   23   20700.0      0.10
   24   20700.0      0.10
   25   20700.0      0.10
   26   20700.0      0.10
   27   20700.0      0.10
   28   20700.0      0.10
   29   20700.0      0.10
   30   20700.0      0.10
   31   20700.0      0.10
   32   20700.0      0.10
   33   20700.0      0.10
   34   20700.0      0.10
   35   20700.0      0.10
   36   20700.0      0.10
   37   20700.0      0.10
   38   20700.0      0.10
   39   20700.0      0.10
   40   20700.0      0.10
   41   20700.0      0.10
   42   20700.0      0.10
   43   20700.0      0.10
   44   20700.0      0.10
   45   20700.0      0.10
   46   20700.0      0.10
   47   20700.0      0.10
   48   20700.0      0.10
   49   20700.0      0.10
   50   20700.0      0.10
   51   20700.0      0.10
   52   20700.0      0.10

    1    1    5    1    0
    2    2    6    2    0
    3    3    7    3    0
    4    4    8    4    0
    5    2    5    5    0
    6    1    6    6    0
    7    3    6    7    0
    8    2    7    8    0
    9    4    7    9    0
   10    3    8   10    0
   11    5    6   11    0
   12    6    7   12    0
   13    7    8   13    0
   14    5    9   14    0
   15    6   10   15    0
   16    7   11   16    0
   17    8   12   17    0
   18    6    9   18    0
   19    5   10   19    0
   20    7   10   20    0
   21    6   11   21    0
   22    8   11   22    0
   23    7   12   23    0
   24    9   10   24    0
   25   10   11   25    0
   26   11   12   26    0
   27    9   13   27    0
   28   10   14   28    0
   29   11   15   29    0
   30   12   16   30    0
   31   10   13   31    0
   32    9   14   32    0
   33   11   14   33    0
   34   10   15   34    0
   35   12   15   35    0
   36   11   16   36    0
   37   13   14   37    0
   38   14   15   38    0
   39   15   16   39    0
   40   13   17   40    0
   41   14   18   41    0
   42   15   19   42    0
   43   16   20   43    0
   44   14   17   44    0
   45   13   18   45    0
   46   15   18   46    0
   47   14   19   47    0
   48   16   19   48    0
   49   15   20   49    0
   50   17   18   50    0
   51   18   19   51    0
   52   19   20   52    0

