
 10	6
 
 1    0    0    1     720.0     360.0       0.0
 2    0    0    1     720.0       0.0       0.0
 3    0    0    1     360.0     360.0       0.0
 4    0    0    1     360.0       0.0       0.0
 5    1    1    1       0.0     360.0       0.0
 6    1    1    1       0.0       0.0       0.0

  2 

  2    2  -100000.
  4    2  -100000.

  1 10000000.  33.50
  2 10000000.   1.62
  3 10000000.  22.90
  4 10000000.  14.20
  5 10000000.   1.62
  6 10000000.   1.62
  7 10000000.   7.97
  8 10000000.  22.90
  9 10000000.  22.00
  10 10000000.   1.62

 1    5    3    1    0
 2    3    1    2    0
 3    6    4    3    0
 4    4    2    4    0
 5    3    4    5    0
 6    1    2    6    0
 7    5    4    7    0
 8    3    6    8    0
 9    3    2    9    0
10    1    4   10    0
