problema 	 melhor 	 mediana 	 media 	 pior 	 desvio_padrao 	 variaveis 	 factibilidade 	 nexecucao 
T10C	 5060.977046 	 5076.852376 	 5072.240909 	 5087.724966 	 4.820139e+01 	30.581254 	0.100042 	23.421331 	14.891223 	0.100000 	0.100000 	8.648932 	21.012419 	21.039837 	0.100000 	35/35 	280000

T10D	 5509.717373 	 5528.086905 	 5628.868981 	 6593.120541 	 1.446876e+03 	30.391311 	0.231244 	31.000000 	25.070584 	0.000021 	0.021171 	19.617762 	28.448783 	26.476163 	0.000047 	35/35 	180000

T25D	 484.854179 	 485.048797 	 485.973385 	 496.252039 	 1.360100e+01 	0.200166 	1.665168 	1.665168 	1.665168 	1.665168 	28.992232 	28.992232 	28.992232 	28.992232 	0.001344 	0.001344 	19.696576 	19.696576 	9.266182 	9.266182 	9.266182 	9.266182 	3.783597 	3.783597 	3.783597 	3.783597 	28.855286 	28.855286 	28.855286 	28.855286 	35/35 	20000

T52D	 1977.899706 	 1984.321381 	 1994.350742 	 2112.870118 	 1.889362e+02 	37.028191 	37.028191 	37.028191 	37.028191 	12.626312 	12.626312 	12.626312 	12.626312 	12.626312 	12.626312 	4.105961 	4.105961 	4.105961 	27.901651 	27.901651 	27.901651 	27.901651 	11.019514 	11.019514 	11.019514 	11.019514 	11.019514 	11.019514 	4.135575 	4.135575 	4.135575 	21.525790 	21.525790 	21.525790 	21.525790 	9.852186 	9.852186 	9.852186 	9.852186 	9.852186 	9.852186 	5.954486 	5.954486 	5.954486 	0.000299 	0.000299 	0.000299 	0.000299 	0.135165 	0.135165 	0.135165 	0.135165 	0.135165 	0.135165 	0.024380 	0.024380 	0.024380 	35/35 	17500


T60C	 291.247743 	 302.095610 	 319.224388 	 436.845723 	 1.975934e+02 	2.053967 	0.556229 	1.568363 	1.420662 	0.568238 	1.925269 	1.904245 	1.113364 	1.493369 	1.495758 	0.802843 	2.060313 	2.053967 	0.556229 	1.568363 	1.420662 	0.568238 	1.925269 	1.904245 	1.113364 	1.493369 	1.495758 	0.802843 	2.060313 	1.306297 	1.008348 	0.540401 	0.501479 	0.945293 	1.144281 	1.198601 	1.151196 	1.086665 	0.504570 	1.024060 	1.268235 	1.306297 	1.008348 	0.540401 	0.501479 	0.945293 	1.144281 	1.198601 	1.151196 	1.086665 	0.504570 	1.024060 	1.268235 	1.161867 	1.161867 	1.161867 	1.161867 	1.161867 	1.161867 	1.161867 	1.161867 	1.161867 	1.161867 	1.161867 	1.161867 	35/35 	12000

T72C	 379.653732 	 379.740194 	 383.879496 	 475.877709 	 1.049310e+02 	0.158983 	0.158983 	0.158983 	0.158983 	0.511286 	0.511286 	0.511286 	0.511286 	0.511286 	0.511286 	0.511286 	0.511286 	0.361359 	0.361359 	0.361359 	0.361359 	0.513503 	0.513503 	0.477022 	0.477022 	0.477022 	0.477022 	0.472480 	0.472480 	0.472480 	0.472480 	0.472480 	0.472480 	0.472480 	0.472480 	0.100159 	0.100159 	0.100159 	0.100159 	0.100000 	0.100000 	1.192516 	1.192516 	1.192516 	1.192516 	0.468494 	0.468494 	0.468494 	0.468494 	0.468494 	0.468494 	0.468494 	0.468494 	0.100010 	0.100010 	0.100010 	0.100010 	0.100082 	0.100082 	5.000000 	5.000000 	5.000000 	5.000000 	0.459035 	0.459035 	0.459035 	0.459035 	0.459035 	0.459035 	0.459035 	0.459035 	0.100111 	0.100111 	0.100111 	0.100111 	0.100000 	0.100000 	35/35 	35000


