problema 	 melhor 	 mediana 	 media 	 pior 	 desvio_padrao 	 variaveis 	 factibilidade 	 nexecucao 
STRING	 0.012677 	 0.013117 	 0.013545 	 0.017421 	 6.950943e-03 	3.331762 	0.699556 	0.063132 	35/35 	36000

REDUCER	 2996.359277 	 2996.383735 	 2998.810598 	 3007.469860 	 2.652915e+01 	3.500000 	0.700000 	17.000000 	7.300917 	8.299978 	3.350223 	5.286869 	35/35 	36000

WELDED	 2.381138 	 2.775046 	 2.814743 	 3.698700 	 2.200500e+00 	0.244368 	6.218620 	8.291490 	0.244369 	35/35 	360000

PRESSURE	 6059.714353 	 6090.526391 	 6474.876027 	 7544.492519 	 3.108690e+03 	13.063580 	6.608811 	42.098445 	176.636603 	35/35 	80000

CANTILEVER	 64965.071602 	 67943.462814 	 67901.329739 	 75143.537943 	 1.616209e+04 	3.416655 	60.855227 	3.000000 	1.759676 	2.183703 	0.598389 	2.212669 	44.253025 	1.749772 	34.995222 	35/35 	35000


